state={
	state_category = city
	id=1302
	name="STATE_1302"
	provinces={
		17041 17040 17031 17032 17033 17034 17035 17036 17039 17038 17037
		17025 17026 17027 17028 17029 17030 17023 17024 17022 17021 17019
		17020 17018 17017 17016 17015 17014 17013 17012 16995 17011 17008
		17007 17004 17006 17005 17003 17002 17001 17010 17009 16991 16993
		16992 16990 16994 16989 16987 16988 16986 16985 16999 17000 16997
		16996 16983 16982 16998 16984 16981 16980 16979 16978 16977 16976
		16975 16974 16973
	}
	manpower=1000
	buildings_max_level_factor=1.000
}
 