state={
	state_category = city
	id=1306
	name="STATE_1306"
	provinces={
		17142 17141 16604 16605 16606 17140 17139 17138 17137 17136 17135
		17106 17073 17109 17110 17107 17108 17143 17076 17077 17080 17113
		17112 17113 17092 17090 17091 17093 17111 17078 17079 17088 17155
		17156 17089 17114 17075 17086 17085 17074 16706 16705 16704 17084
		16702 16744 16701 16700 17083 16707 16698 16696 16697 16695 16699
		16703 16693 16692 16691 16690 16689 16694
	}
	manpower=1000
	buildings_max_level_factor=1.000
}
 