state={ state_category = city
	id=693
	name="Baillinkhwo"
	provinces={
		104 185 375 383 394 466 854 881 988 1010 1273 1386 1462 1644 1710 1838 1893 1985 2043 2124 2144 2161 2284 2700 2972 3468 3570 3669 3882 3978 4305 4624 4633 4649 4685 5126 5186 5196 5309 5623 5833 5959 6020 6109 6142 6380 6590 6753 6970 6971 6990 7009 7060 7424 7483 7558 7572 7647 7684 7727 7972 8352 8626 9190 9243 9421 9584 9845 9889 9930 9981 10123 12471 12518 12562 12577 12599 12615 12635 12643 12662 12681 12683 12688 12697 12727 12763 12764 12775 12786 12792 12814 12820 12824 12846 12856 12869 12873 12877 12885 12896 12909 12910 12929 12932 12956 12959 12963 12970 13002 13009 13013 13020 13023 13031 13042 13058 13081 13156 13157 
	}
	history={
		owner = AUC
		buildings = {
			infrastructure = 2
		}
		add_core_of = AUC
	}
	manpower=1000
	buildings_max_level_factor=1.000
}
