state={ state_category = city
	id=922
	name="STATE_922"
	provinces={
		358 445 1128 1511 2162 2345 2523 2665 2940 3005 3110 3198 3541 3730 3787 4105 4170 4706 4844 4961 5030 5123 5289 5348 5564 5614 5818 6021 6087 6264 6521 7244 7501 7625 7762 8654 9006 9192 9441 9546 13952 14035 14051 14052 14063 14131 14139 14158 14172 14202 14213 14223 14235 14305 14306 14309 14314 14332 14337 14356 14371 14400 14411 14448 14449 14472 14477 14500 14510 14531 14584 
	}
	history={
		owner = ELS
		buildings = {
			infrastructure = 2
		}
		add_core_of = ELS
	}
	manpower=1000
	buildings_max_level_factor=1.000
}
