
strategic_region={
	id=120
	name="STRATEGICREGION_120"
	provinces={
		262 1659 3487 4596 6388 6649 6777 8406 8448 9053 9249 9445 14214 14372 16389 16397 16401 16403 16404 16406 16553 16555 16557 16558 16559 16560 16561 16562 16563 16564 16565 16566 16567 16568 16569 16570 16571 16572 16573 16574 16575 16576 16577 16578 16579 16580 16581 16582 16583 16584 16585 16586 16587 16588 16589 16590 16591 16592 16593 16594 16595 16596 16612 16613 16614 16615 16616 16617 16618 16623 16624 16625 16626 16627 16630 16631 16632 16633 16634 16635 16642 16643 16730 16731 16732 16733 16734 16735 16736 16737 16738 16739 16740 16741 16742 16743 16745 16746 16747 16748 16749 16750 16751 17154 17195 17269 17308 17310 17385 17450 17498 17514 17529 17538 17556 17579 17585 17614 17631 17689 17705 17778 17819 17827 17894 17906 17915 17918 17925 17969 18011 18048 18051 18098 18112 18115 18118 18121 18124 18153 18160 18164 18292 18294 18324 18326 18335 18336 18357 18368 18435 18438 18443 18498 18507 18564 18626 18636 18662 18669 18690 18721 18723 18744 18886 18887 18888 18894 18895 18896 18897 18898 18899 
	}
	weather={
	}
}
