
strategic_region={
	id=121
	name="STRATEGICREGION_121"
	provinces={
		793 831 1583 1676 1696 2534 2683 3662 4126 4448 5495 7712 8863 9005 11830 11974 12029 12241 12307 12357 12402 12934 16365 16487 16488 16494 16495 16496 16497 16498 16499 16500 16501 16502 16503 16504 16505 16506 16507 16508 16509 16510 16511 16512 16513 16514 16515 16516 16517 16518 16519 16520 16521 16522 16523 16524 16525 16526 16527 16528 16529 16530 16531 16532 16533 16534 16535 16662 16720 16721 16722 16723 16724 16725 16726 16727 16728 16729 17158 17161 17170 17194 17197 17221 17249 17254 17279 17281 17330 17334 17338 17365 17396 17407 17435 17439 17441 17454 17458 17504 17540 17553 17561 17575 17589 17604 17661 17680 17687 17692 17730 17770 17792 17803 17848 17865 17870 17874 17914 17958 18008 18009 18030 18034 18039 18046 18072 18094 18097 18099 18103 18190 18224 18230 18249 18266 18270 18271 18317 18321 18359 18380 18423 18436 18441 18521 18547 18604 18660 18668 18700 18712 18718 18720 18808 18825 18833 18841 18848 18856 18868 
	}
	weather={
	}
}
