
strategic_region={
	id=123
	name="STRATEGICREGION_123"
	provinces={
		1139 1889 2121 4362 5194 5717 7597 7810 7851 8781 8908 9034 9641 10722 10747 10748 10765 10807 10815 10845 10867 10876 10969 10977 11017 11060 11068 16286 16289 16302 16326 16491 16492 16492 16493 16717 16718 16719 16878 16879 16880 16881 16882 16883 16884 16885 16886 16887 16888 16889 16890 16891 16892 16893 16894 16895 16896 16968 16969 16970 17182 17190 17205 17224 17230 17263 17266 17277 17327 17347 17464 17508 17573 17643 17655 17754 17794 17886 17936 17938 17991 18050 18082 18085 18100 18101 18102 18168 18180 18219 18243 18330 18396 18402 18440 18482 18500 18505 18676 18704 18733 18738 18799 18801 18805 18810 18819 
	}
	weather={
	}
}
