
strategic_region={
	id=125
	name="STRATEGICREGION_125"
	provinces={
		16337 16715 16716 16919 16920 16921 16922 16923 16924 16925 16926 16927 16928 16929 16930 16931 16932 16933 16934 16935 16936 16937 16938 16939 16940 16941 16942 16943 16944 16945 16946 16947 16948 16949 16950 16951 16952 16953 16954 16955 16956 16957 16958 16959 16960 16961 16962 16963 16964 16965 16966 16967 17153 17159 17200 17256 17299 17355 17379 17403 17419 17424 17472 17511 17512 17629 17682 17716 17762 17806 17810 17873 17924 17941 17951 18065 18066 18067 18140 18171 18286 18291 18331 18353 18374 18377 18379 18390 18408 18432 18484 18489 18496 18497 18510 18517 18537 18569 18571 18606 18647 18650 18694 18711 18734 18823 18844 18845 18852 18871 19120 
	}
	weather={
	}
}
