
strategic_region={
	id=126
	name="STRATEGICREGION_126"
	provinces={
		400 2140 2196 3200 3316 4068 4738 4967 5175 5240 5726 6337 6769 7277 9269 9486 9846 10559 10689 10694 10708 10714 10723 10727 10736 10752 10759 10787 10794 10831 10848 16299 16681 16708 16709 16851 16852 16853 16854 16855 16856 16857 16858 16859 16860 16861 16862 16863 16864 16865 16871 16872 16873 16874 16875 16971 16972 17148 17149 17150 17151 17163 17180 17208 17223 17272 17273 17296 17298 17314 17388 17428 17448 17460 17461 17506 17526 17572 17581 17591 17602 17611 17639 17683 17721 17805 17807 17861 17869 17879 17888 17895 17946 17955 17957 17961 18002 18007 18057 18091 18116 18120 18158 18162 18211 18251 18279 18310 18337 18355 18371 18405 18464 18486 18520 18544 18545 18576 18596 18631 18652 18727 18763 18766 18769 18777 18780 18782 18793 18794 18806 
	}
	weather={
	}
}
