
strategic_region={
	id=127
	name="STRATEGICREGION_127"
	provinces={
		7004 7969 8726 9195 10413 10682 10760 16282 16283 16285 16287 16288 16601 16714 16876 16877 17157 17164 17175 17186 17203 17204 17213 17225 17232 17236 17260 17280 17292 17306 17311 17323 17373 17381 17400 17412 17430 17452 17459 17479 17496 17518 17537 17562 17564 17571 17598 17635 17642 17656 17657 17667 17717 17728 17765 17766 17789 17813 17816 17833 17854 17871 17872 17887 17907 17926 17943 18058 18061 18093 18114 18119 18135 18138 18145 18156 18227 18256 18269 18277 18306 18342 18352 18387 18394 18398 18401 18422 18434 18461 18501 18550 18556 18559 18594 18598 18618 18619 18628 18632 18670 18684 18691 18695 18739 18749 18759 18774 18781 18788 18789 18795 18812 18820 18824 18829 18834 16602 16603 
	}
	weather={
	}
}
