
strategic_region={
	id=128
	name="STRATEGICREGION_128"
	provinces={
		16973 16974 16975 16976 16977 16978 16979 16980 16981 16982 16983 16984 16985 16986 16987 16988 16989 16990 16991 16992 16993 16994 16995 16996 16997 16998 16999 17000 17001 17002 17003 17004 17005 17006 17007 17008 17009 17010 17011 17012 17013 17014 17015 17016 17017 17018 17019 17020 17021 17022 17023 17024 17025 17026 17027 17028 17029 17030 17031 17032 17033 17034 17035 17036 17037 17038 17039 17040 17041 17176 17187 17220 17243 17252 17335 17350 17363 17366 17370 17371 17384 17406 17417 17422 17443 17445 17469 17470 17481 17487 17493 17513 17517 17533 17601 17620 17636 17669 17702 17708 17720 17737 17738 17742 17774 17802 17843 17908 17919 17923 17932 17945 17960 17967 17970 17993 18022 18037 18049 18126 18144 18157 18165 18188 18209 18240 18260 18358 18397 18403 18428 18452 18474 18479 18677 18678 18687 18693 18698 18773 18784 18790 18800 18802 18804 18822 18827 
	}
	weather={
	}
}
