
strategic_region={
	id=129
	name="STRATEGICREGION_129"
	provinces={
		1119 1790 3032 5884 7076 8424 8888 9095 9189 9535 10985 11116 11139 11148 11175 11179 11185 11209 11238 11240 11305 16305 16306 16308 16312 16314 16316 16317 16319 16329 16536 16551 16677 16678 16679 16680 17118 17119 17120 17160 17174 17177 17191 17245 17255 17343 17354 17360 17378 17392 17401 17416 17442 17455 17476 17480 17486 17489 17491 17524 17544 17563 17566 17587 17618 17650 17651 17663 17700 17726 17749 17752 17761 17763 17771 17790 17797 17811 17822 17824 17836 17856 17913 17971 17979 17982 18010 18012 18017 18060 18068 18130 18151 18161 18163 18169 18183 18184 18192 18204 18228 18229 18231 18232 18233 18250 18257 18258 18263 18275 18295 18299 18313 18320 18344 18382 18392 18410 18458 18536 18540 18557 18568 18614 18624 18681 18736 18746 18750 18751 18767 18775 18785 18798 18813 18821 18832 18983 
	}
	weather={
	}
}
