
strategic_region={
	id=130
	name="STRATEGICREGION_130"
	provinces={
		1321 2142 3800 4176 5861 6596 7049 8356 8892 8898 9007 9214 9594 9788 10309 10609 10617 10656 10657 10669 10683 10690 10691 10716 10729 10734 10851 10866 16280 16284 16290 16292 16293 16294 16295 16297 16301 16303 16547 16548 16549 16550 16552 16554 16556 16710 16711 16712 17121 17122 17123 17124 17125 17126 17127 17128 17129 17130 17131 17132 17133 17134 17184 17231 17239 17270 17295 17318 17415 17516 17548 17555 17609 17632 17645 17691 17704 17711 17731 17753 17799 17850 17862 17892 17927 18014 18047 18073 18108 18123 18174 18185 18210 18318 18327 18349 18363 18419 18420 18444 18462 18475 18538 18572 18603 18607 18629 18640 18661 18747 18748 18762 18771 18792 18807 18811 18815 
	}
	weather={
	}
}
