
strategic_region={
	id=131
	name="STRATEGICREGION_131"
	provinces={
		5580 10822 10827 10828 10837 10863 16274 16307 16313 16315 16318 16325 16485 16486 17171 17178 17183 17216 17218 17265 17267 17271 17287 17339 17341 17383 17386 17404 17414 17423 17434 17462 17467 17471 17507 17541 17577 17599 17612 17634 17637 17686 17736 17739 17745 17772 17788 17809 17815 17818 17845 17851 17868 17878 17882 17905 17929 17940 17942 17985 17995 18043 18084 18092 18106 18109 18131 18159 18197 18217 18234 18236 18237 18238 18245 18255 18268 18282 18289 18333 18356 18378 18400 18416 18421 18437 18456 18469 18473 18476 18485 18488 18492 18493 18526 18529 18591 18623 18637 18641 18665 18673 18697 18705 18732 18743 18753 18760 18761 18768 18770 18772 18778 18783 18786 18787 18796 18797 18809 18816 18818 
	}
	weather={
	}
}
