
strategic_region={
	id=134
	name="STRATEGICREGION_134"
	provinces={
		5701 7353 9147 16372 16375 16377 16384 16387 16388 16479 16480 16481 16482 16483 16538 16539 16540 16542 16543 16544 16545 17169 17181 17196 17202 17207 17228 17234 17262 17288 17312 17319 17357 17358 17394 17446 17449 17457 17477 17482 17488 17497 17584 17588 17606 17608 17647 17653 17654 17668 17675 17676 17684 17697 17709 17729 17733 17741 17747 17751 17777 17783 17804 17839 17846 17875 17898 17899 17952 17959 17962 18015 18016 18019 18023 18079 18089 18139 18155 18179 18181 18193 18199 18212 18244 18247 18252 18254 18296 18341 18365 18367 18381 18407 18411 18412 18417 18424 18439 18445 18451 18455 18502 18512 18543 18580 18581 18612 18616 18627 18648 18659 18674 18708 18735 18838 18840 18842 18850 18861 18863 18875 
	}
	weather={
	}
}
