
strategic_region={
	id=135
	name="STRATEGICREGION_135"
	provinces={
		16688 16897 16898 16899 16900 16901 16902 16903 16904 16905 16906 16907 16908 16909 16910 16911 16912 16913 16914 16915 16916 16917 16918 17172 17185 17212 17217 17229 17274 17361 17402 17426 17453 17505 17545 17554 17622 17666 17677 17696 17719 17723 17724 17821 17831 17889 17930 17939 17975 17978 18006 18018 18028 18031 18104 18105 18166 18195 18203 18225 18284 18285 18287 18297 18309 18369 18391 18409 18418 18426 18558 18575 18615 18639 18656 18664 18853 18867 18870 18876 18877 18881 18882 18884 18889 
	}
	weather={
	}
}
