
strategic_region={
	id=136
	name="STRATEGICREGION_136"
	provinces={
		1740 4839 4855 4858 7826 8760 13459 13528 16421 16452 16453 16454 16455 16456 16457 16458 16459 16460 16628 16629 16682 16683 16684 16685 16686 16687 16713 16790 17087 17173 17201 17214 17235 17242 17250 17313 17333 17340 17362 17380 17433 17438 17527 17530 17569 17605 17607 17625 17638 17660 17673 17681 17732 17740 17756 17786 17808 17820 17826 17835 17849 17893 17920 17921 17964 17980 17990 17998 18024 18025 18062 18083 18086 18134 18191 18235 18293 18300 18301 18360 18442 18549 18554 18573 18578 18593 18611 18644 18688 18689 18692 18719 18728 18872 18874 18878 18885 18890 19053 19055 19118 
	}
	weather={
	}
}
