
strategic_region={
	id=137
	name="STRATEGICREGION_137"
	provinces={
		3355 5257 6779 6820 6943 7852 7931 8900 8990 9280 9917 10086 10107 10142 15887 15930 15971 15981 16024 16061 16068 16091 16172 16179 16211 16235 16236 16243 16255 16261 16428 16449 16450 16451 16604 16605 16606 16689 16690 16691 16692 16693 16694 16695 16696 16697 16698 16699 16700 16701 16702 16703 16704 16705 16706 16707 16744 17042 17043 17044 17045 17046 17047 17048 17049 17050 17051 17052 17053 17054 17055 17056 17057 17058 17059 17060 17061 17062 17063 17064 17065 17066 17067 17068 17069 17070 17071 17072 17073 17074 17075 17076 17077 17078 17079 17080 17083 17084 17085 17086 17088 17089 17090 17091 17092 17093 17094 17095 17096 17097 17098 17099 17100 17101 17102 17103 17104 17105 17106 17107 17108 17109 17110 17111 17112 17113 17114 17115 17116 17117 17135 17136 17137 17138 17139 17140 17141 17142 17143 17144 17145 17146 17155 17156 17165 17166 17168 17211 17240 17247 17248 17261 17303 17307 17316 17322 17329 17332 17344 17345 17346 17359 17372 17374 17375 17376 17390 17399 17420 17425 17431 17440 17463 17474 17484 17500 17501 17503 17528 17535 17546 17570 17576 17586 17595 17623 17624 17626 17652 17658 17671 17678 17690 17706 17712 17713 17750 17755 17758 17775 17776 17793 17798 17800 17812 17834 17838 17847 17866 17911 17933 17934 17937 17948 17963 17972 17987 17994 17997 18003 18027 18032 18054 18056 18064 18070 18090 18096 18122 18137 18141 18143 18148 18149 18167 18198 18215 18220 18267 18278 18303 18312 18316 18319 18322 18339 18348 18376 18395 18399 18425 18430 18431 18433 18446 18448 18478 18494 18499 18513 18531 18553 18563 18586 18588 18599 18630 18638 18646 18675 18679 18696 18703 18715 18722 18725 18880 18900 18901 18902 18903 18909 18910 18917 18919 18928 19111 19113 19114 19116 19119 
	}
	weather={
	}
}
