
strategic_region={
	id=138
	name="STRATEGICREGION_138"
	provinces={
		16597 16598 16599 16600 16619 16620 16621 17081 17082 17215 17227 17244 17305 17315 17351 17369 17410 17418 17483 17532 17594 17603 17644 17659 17662 17735 17746 17825 17852 17864 17890 17912 17916 17981 18040 18055 18076 18107 18111 18128 18173 18186 18202 18213 18226 18253 18274 18298 18388 18404 18466 18481 18483 18566 18577 18583 18587 18602 18651 18667 18702 18730 18745 18905 18913 18916 18922 18926 18927 
	}
	weather={
	}
}
