
strategic_region={
	id=139
	name="STRATEGICREGION_139"
	provinces={
		371 1829 2915 3857 5148 5666 9942 16194 16435 16608 16609 16610 16800 16801 16802 16803 16804 16805 17147 17189 17219 17233 17291 17302 17304 17325 17342 17364 17437 17465 17478 17509 17522 17558 17578 17590 17597 17617 17685 17707 17715 17759 17767 17779 17784 17785 17877 17884 17901 18059 18063 18078 18088 18132 18175 18176 18178 18189 18196 18207 18222 18241 18272 18273 18311 18351 18361 18386 18460 18468 18524 18534 18535 18539 18546 18552 18555 18590 18595 18609 18613 18617 18622 18657 18666 18680 18737 18908 18912 18918 18920 18923 18924 18925 
	}
	weather={
	}
}
