
strategic_region={
	id=141
	name="STRATEGICREGION_141"
	provinces={
		61 406 660 667 921 2369 2557 2844 2883 2968 3452 3587 4254 4271 4536 4606 5062 5498 5676 5696 5784 5883 5945 5967 6227 6406 6783 7197 7240 7600 7913 8257 8555 9688 9924 10162 10227 16052 16057 16071 16072 16086 16099 16114 16115 16117 16135 16142 16145 16151 16180 16246 16250 16251 16253 16257 16264 16422 16425 16426 16429 16436 16439 16537 16607 16640 16641 16806 16807 16808 16809 16810 16811 16812 16813 16814 16815 16816 16817 16818 16819 16820 16821 16822 16823 16824 16825 16826 16827 16828 16829 16830 16831 16832 16833 16834 16835 16836 16837 16838 16839 16840 16841 16842 16843 16844 16845 16846 16847 17226 17246 17258 17278 17321 17324 17326 17331 17336 17382 17391 17408 17456 17490 17523 17531 17536 17559 17582 17596 17600 17619 17630 17633 17649 17664 17665 17718 17727 17787 17801 17828 17863 17867 17876 17881 17897 17910 17917 17935 17954 17956 17968 17973 17974 17984 18000 18013 18021 18077 18117 18125 18147 18152 18182 18205 18216 18242 18325 18340 18375 18427 18449 18454 18463 18470 18495 18504 18516 18530 18532 18533 18560 18582 18589 18635 18642 18643 18653 18663 18741 18904 18906 18907 18911 18914 18915 18921 19117 
	}
	weather={
	}
}
