
strategic_region={
	id=15
	name="STRATEGICREGION_15"
	provinces={
		3 16 72 74 115 147 160 363 428 437 508 523 547 548 550 553 614 670 682 743 840 853 855 865 891 892 901 903 911 1104 1144 1221 1255 1261 1262 1264 1305 1330 1360 1444 1457 1470 1553 1587 1623 1631 1648 1669 1670 1720 1730 1899 1904 1929 1944 1971 1986 2019 2042 2051 2058 2103 2119 2133 2159 2170 2183 2205 2206 2208 2234 2266 2271 2400 2440 2455 2480 2510 2566 2577 2596 2600 2620 2647 2788 2870 2909 2960 2966 3017 3028 3094 3096 3229 3304 3328 3353 3394 3423 3428 3460 3467 3529 3556 3627 3639 3695 3736 3775 3789 3816 3846 3922 3981 3991 3992 4008 4050 4065 4146 4191 4306 4384 4461 4476 4479 4532 4561 4573 4591 4608 4663 4700 4724 4726 4735 4742 4760 4799 4819 4838 4859 4926 4935 4964 4999 5007 5157 5161 5171 5178 5197 5210 5255 5298 5354 5355 5410 5424 5530 5542 5613 5645 5660 5741 5778 5814 5836 5837 5889 5900 5954 5962 5977 6053 6066 6102 6123 6158 6175 6215 6220 6234 6260 6269 6277 6326 6331 6347 6404 6488 6519 6535 6570 6607 6613 6632 6681 6693 6698 6707 6715 6726 6751 6796 6803 6843 6881 6891 6935 6936 6950 6951 6977 6995 7048 7127 7128 7161 7162 7163 7201 7220 7256 7259 7304 7380 7381 7453 7476 7506 7525 7542 7549 7564 7584 7621 7623 7662 7665 7667 7781 7838 7839 7915 7942 8006 8068 8121 8135 8167 8170 8222 8252 8269 8288 8328 8330 8336 8338 8346 8404 8412 8414 8478 8487 8512 8519 8577 8599 8613 8650 8668 8694 8764 8788 8806 8833 8860 8864 8866 8868 8876 8878 8966 8998 9110 9118 9141 9166 9265 9321 9341 9367 9414 9429 9442 9458 9472 9485 9507 9527 9532 9572 9606 9647 9649 9674 9675 9701 9709 9721 9755 9778 9832 9843 9876 9878 9894 9916 9961 9969 9979 9997 10018 10039 10055 10057 10092 10111 10122 10132 10136 10169 10172 10222 10224 10251 10301 10323 10324 10325 10326 10327 10328 10329 10330 10331 10332 10333 10334 10335 10336 10337 10338 10339 10340 10341 10342 10343 10344 10345 10346 10347 10348 10349 10350 10351 10352 10353 10354 10355 10356 10357 10358 10359 10360 10361 10362 10363 10364 10365 10366 10367 10368 10369 10370 10371 10372 10373 10374 10375 10376 10377 10378 10379 10380 10381 10382 10383 10384 10385 10386 10387 10388 10389 10390 10391 10392 10393 10394 10395 10396 10397 10398 10399 10400 10401 10402 10403 10404 10405 10406 10407 10408 10409 10410 10411 10412 10414 10415 10416 10417 10418 10419 10420 10421 10422 10423 10424 10425 10426 10427 10428 10429 10430 10431 10432 10433 10434 10435 10436 10437 10438 10439 10440 10441 10442 10443 10444 10445 10446 10447 10448 10449 10450 10451 10452 10453 10454 10455 10456 10457 10458 10459 10460 10461 10462 10463 10464 10465 10466 10467 10468 10469 10470 10471 10472 10473 10474 10475 10476 10477 10478 10479 10480 10481 10482 10483 10484 10485 10486 10487 10488 10489 10490 10491 10492 10493 10494 10495 10496 10497 10498 10499 10500 10501 10502 10503 10504 10505 10506 10507 10508 10509 10510 10511 10512 10513 10514 10515 10516 10517 10518 10519 10520 10521 10522 10523 10524 10525 10526 10527 10528 10529 10530 10531 10532 10533 10534 10535 10536 10537 10538 10539 10540 10541 10542 10543 10544 10545 10546 10547 10548 10549 10550 10551 10552 10553 10554 10555 16611 16622 16636 16645 16646 16647 16648 16649 16650 16651 16652 16653 16654 16655 16656 16657 16658 16659 16660 16661 16663 16664 16665 16666 16667 16668 16669 16670 16671 16672 16673 16674 16675 16676 16848 16849 16850 
	}
	weather={
	}
}
