
strategic_region={
	id=17
	name="STRATEGICREGION_17"
	provinces={
		93 242 566 960 1080 1284 1374 1387 1581 1592 1635 1738 1855 2323 2634 3144 3169 3331 3577 3690 3698 3903 4090 4157 4220 4227 4366 4367 4416 4486 4887 4930 4949 5220 5775 5813 5879 5939 5989 6114 6222 6332 6507 6616 6725 7012 7064 7088 7133 7324 7541 7556 7603 7748 8024 8144 8251 8828 8986 9263 9794 9798 10028 10256 10611 10620 10628 10629 10636 10642 10644 10653 10658 10659 10664 10668 10672 10676 10678 10680 10681 10685 10693 10696 10697 10710 10711 10717 10718 10726 10731 10735 10740 10743 10746 10754 10762 10768 10769 10772 10775 10792 10793 10800 10809 16275 16276 16278 16279 16291 16296 16298 18976 
	}
	weather={
	}
}
