
strategic_region={
	id=28
	name="STRATEGICREGION_28"
	provinces={
		15 30 66 107 121 172 204 206 211 256 323 442 444 459 489 504 562 610 643 674 685 704 707 721 745 753 788 790 801 825 1020 1030 1046 1047 1066 1108 1173 1208 1265 1364 1375 1384 1453 1522 1546 1605 1609 1750 1775 1815 1847 1951 1975 2071 2074 2217 2333 2361 2362 2452 2454 2518 2522 2533 2563 2571 2580 2702 2704 2706 2725 2996 3033 3066 3176 3224 3326 3345 3359 3391 3479 3540 3545 3596 3634 3649 3650 3672 3686 3760 3850 3889 3944 4066 4143 4163 4165 4182 4222 4267 4273 4287 4302 4328 4398 4412 4444 4447 4559 4607 4693 4737 4785 4879 4924 4946 5043 5071 5100 5165 5211 5219 5242 5253 5308 5323 5342 5376 5389 5402 5449 5456 5457 5464 5496 5524 5595 5632 5756 5800 5815 5894 5969 5978 5986 6044 6090 6105 6135 6167 6259 6276 6280 6285 6297 6314 6333 6445 6451 6454 6467 6480 6529 6539 6557 6566 6579 6640 6647 6694 6700 6730 6747 6788 6845 6918 6925 6938 6942 6969 7044 7045 7050 7055 7077 7097 7134 7159 7183 7184 7200 7227 7281 7323 7344 7392 7401 7445 7466 7507 7563 7598 7657 7784 7805 7822 7921 7958 7992 8031 8044 8066 8073 8083 8151 8243 8266 8310 8374 8403 8465 8515 8523 8649 8690 8755 8774 8824 8843 8946 8963 8968 9037 9042 9159 9188 9191 9352 9379 9471 9491 9524 9529 9571 9583 9608 9630 9673 9686 9697 9705 9761 9786 9820 9829 9838 9869 9871 9905 9923 9936 9943 10049 10068 10072 10074 10095 10129 10180 10194 10238 10270 10275 10276 10298 10954 10982 10983 10987 11025 11036 11037 11046 11057 11070 11080 11087 11088 11089 11094 11109 11119 11121 11155 11166 11170 11182 11191 11195 11200 11213 11225 11227 11242 11261 11266 11267 11277 11288 11289 11290 11302 11307 11319 11324 11328 11334 11344 11362 11371 11379 11384 11401 11405 11413 11422 11430 11435 11438 11439 11454 11455 11460 11464 11490 11491 11493 11501 11502 11504 11505 11508 11523 11526 11537 11538 11560 11565 11583 11584 11599 11607 11611 11626 11633 11639 11645 11648 11655 11658 11663 11670 11671 11679 11680 11689 11703 11704 11710 11716 11719 11730 11739 11751 11754 11761 11767 11768 11774 11775 11779 11780 11794 11797 11802 11812 11813 11823 11828 11840 11844 11853 11862 11863 11890 11902 11908 11929 11943 11944 11949 11953 11959 11966 11987 11989 12024 12034 12051 12075 12103 12122 12126 12150 12156 12157 12174 12199 12211 12222 12256 12262 12263 12268 12280 12286 12287 12327 12331 12332 12339 12372 12376 12389 12429 12430 12457 12475 12492 12580 12605 12644 18980 18985 18991 18992 18993 18997 19005 
	}
	weather={
	}
}
