
strategic_region={
	id=29
	name="STRATEGICREGION_29"
	provinces={
		49 84 392 620 966 1005 1021 1022 1377 1442 1468 1476 1657 1956 2473 2519 2635 2675 2732 2804 2879 2904 2918 3172 3242 3322 3343 3385 3475 3615 3756 3773 3813 3969 4136 4169 4289 4339 4357 4429 4501 4523 4589 4749 5181 5203 5305 5366 5439 5444 5624 5654 6023 6150 6593 6761 6834 6882 6911 7007 7032 7036 7279 7356 7408 7485 7648 7695 7734 8004 8168 8370 8411 8428 8565 8852 8925 9054 9067 9289 9387 9462 9537 9806 9827 9868 9914 10045 10083 10292 10627 10632 10638 10641 10651 10652 10661 10662 10698 10699 10703 10709 10715 10733 10741 10742 10756 10763 10766 10770 10774 10781 10784 10788 10799 10801 10803 10804 10810 10816 10823 10832 10838 10842 10850 10856 10865 10868 10877 10878 10881 10884 10885 10887 10897 10902 10903 10917 10924 10928 10933 10934 10940 10953 10961 10970 10974 10993 11004 11031 11041 11061 11091 11102 16277 16281 16644 16752 16753 16754 16755 16756 16757 16758 16759 16760 16761 16762 16763 16764 16765 16766 16767 16768 16769 16770 16771 16772 16773 16774 16775 16776 16777 16778 16779 16780 16781 16782 16783 16784 16785 16786 16787 16788 16789 16791 16792 16793 16794 16795 16796 16797 16798 16799 17152 18938 18950 18964 18965 
	}
	weather={
	}
}
