
strategic_region={
	id=30
	name="STRATEGICREGION_30"
	provinces={
		98 157 166 181 199 284 313 419 483 551 557 565 653 787 820 1034 1197 1234 1263 1266 1296 1344 1417 1420 1440 1443 1573 1599 1691 1716 1732 1743 1771 1788 1798 1830 1863 1922 2023 2037 2069 2073 2089 2348 2381 2417 2531 2588 2664 2666 2734 2757 2781 2938 2944 3062 3069 3107 3280 3287 3373 3476 3503 3571 3739 3791 3910 3957 4001 4040 4046 4118 4177 4249 4258 4337 4340 4365 4436 4441 4505 4614 4692 4711 4733 4746 4787 4835 4880 4990 5098 5110 5115 5216 5226 5266 5436 5682 5706 5708 5719 5748 5751 5763 5824 5881 5885 5983 6047 6130 6253 6287 6343 6392 6437 6452 6494 6608 6614 6660 6701 6727 6736 6770 6775 6838 6958 6988 7106 7114 7190 7235 7285 7291 7372 7374 7386 7512 7661 7742 7785 7789 7827 7880 7918 8146 8165 8186 8191 8213 8231 8503 8505 8517 8552 8614 8617 8779 8799 8879 8883 9057 9093 9097 9143 9151 9152 9169 9238 9282 9347 9356 9450 9478 9540 9576 9607 9610 9716 9743 9751 9770 9785 10073 10091 10201 10268 10315 11308 11322 11348 11361 11364 11377 11388 11391 11407 11420 11428 11429 11445 11451 11457 11473 11480 11481 11483 11492 11499 11506 11534 11559 11562 11576 11581 11593 11597 11602 11622 11637 11638 11647 11649 11651 11652 11674 11699 11702 11747 11758 11783 11787 11811 11816 11831 11835 11849 11850 11875 11896 11901 11906 11920 11922 11923 11952 11970 11975 11988 11995 12016 12025 12037 12040 12048 12064 12077 12084 12124 12133 12147 12191 12197 12209 12238 12244 12255 12272 12278 12323 12326 12353 12368 12405 12413 12432 12447 12461 12467 12523 12541 12572 12578 12585 12603 12619 12620 12642 12649 12661 12674 12689 12692 12693 12694 12702 12719 12739 12748 12749 12758 12759 12783 12784 12797 12813 12834 16356 16870 18990 18994 19001 19008 19018 
	}
	weather={
	}
}
