
strategic_region={
	id=6
	name="STRATEGICREGION_6"
	provinces={
		11 103 109 137 373 395 425 602 609 832 885 896 917 1024 1038 1122 1153 1249 1287 1290 1335 1460 1492 1678 1746 1752 1767 1890 1918 2060 2087 2166 2292 2307 2317 2325 2334 2350 2368 2383 2555 2592 2604 2679 2747 2979 3014 3067 3207 3225 3575 3610 3747 3764 3819 3826 3921 3929 3953 4092 4108 4151 4160 4184 4270 4449 4456 4582 4643 4667 4782 4918 4958 5086 5174 5198 5221 5232 5263 5264 5285 5374 5390 5463 5468 5480 5509 5640 5672 5762 5897 5998 6046 6070 6108 6115 6172 6186 6336 6386 6523 6524 6541 6545 6581 6584 6591 6598 6659 6793 6847 6868 6941 7001 7150 7213 7223 7303 7311 7433 7444 7464 7472 7523 7626 7635 7699 7735 7774 7812 7813 7841 7871 7900 7959 8134 8199 8200 8202 8205 8241 8262 8277 8283 8318 8326 8397 8398 8566 8580 8616 8700 8881 8947 9131 9163 9174 9215 9270 9301 9316 9346 9358 9360 9423 9475 9613 9615 9665 9689 9696 9722 9737 9777 9899 9938 9982 10042 10125 10145 10177 10189 10248 10282 10293 15240 15260 15271 15295 15323 15332 15335 15336 15346 15370 15376 15377 15378 15393 15394 15399 15424 15443 15444 15451 15460 15483 15489 15492 15493 15494 15495 15506 15521 15530 15536 15543 15558 15559 15564 15570 15571 15575 15592 15598 15605 15609 15616 15617 15631 15633 15639 15659 15662 15667 15670 15680 15684 15685 15694 15702 15716 15727 15730 15739 15745 15746 15752 15757 15797 15798 15803 15813 15828 15830 15843 15845 15848 15849 15856 15869 15878 15888 15893 15894 15902 15915 15931 15941 15947 15968 15974 15982 15986 15994 16004 16016 16022 16041 16051 16078 16094 16104 16137 16140 16148 16149 16155 16177 16189 16203 16213 16216 16226 16230 16234 16244 16247 19092 19097 19102 
	}
	weather={
	}
}
